C00000=0.000,0.000,10.000,0.0000,90.0000,0.0000
C00001=-185.000,180.000,10.000,0.0000,90.0000,0.0000
C00002=-185.000,180.000,4.000,0.0000,90.0000,0.0000
C00003=-185.000,180.000,-2.000,0.0000,90.0000,0.0000
C00004=-184.379,180.003,-2.000,0.0000,90.0000,0.0000
C00005=-183.756,180.013,-2.000,0.0000,90.0000,0.0000
C00006=-183.130,180.029,-2.000,0.0000,90.0000,0.0000
C00007=-182.502,180.052,-2.000,0.0000,90.0000,0.0000
C00008=-181.872,180.082,-2.000,0.0000,90.0000,0.0000
C00009=-181.239,180.118,-2.000,0.0000,90.0000,0.0000
C00010=-180.604,180.161,-2.000,0.0000,90.0000,0.0000
C00011=-179.968,180.211,-2.000,0.0000,90.0000,0.0000
C00012=-179.329,180.269,-2.000,0.0000,90.0000,0.0000
C00013=-178.689,180.333,-2.000,0.0000,90.0000,0.0000
C00014=-178.046,180.404,-2.000,0.0000,90.0000,0.0000
C00015=-177.403,180.483,-2.000,0.0000,90.0000,0.0000
C00016=-176.757,180.569,-2.000,0.0000,90.0000,0.0000
C00017=-176.111,180.662,-2.000,0.0000,90.0000,0.0000
C00018=-175.463,180.763,-2.000,0.0000,90.0000,0.0000
C00019=-174.814,180.871,-2.000,0.0000,90.0000,0.0000
C00020=-174.164,180.987,-2.000,0.0000,90.0000,0.0000
C00021=-173.513,181.110,-2.000,0.0000,90.0000,0.0000
C00022=-172.861,181.241,-2.000,0.0000,90.0000,0.0000
C00023=-172.208,181.379,-2.000,0.0000,90.0000,0.0000
C00024=-171.555,181.526,-2.000,0.0000,90.0000,0.0000
C00025=-170.902,181.680,-2.000,0.0000,90.0000,0.0000
C00026=-170.248,181.842,-2.000,0.0000,90.0000,0.0000
C00027=-169.594,182.012,-2.000,0.0000,90.0000,0.0000
C00028=-168.940,182.189,-2.000,0.0000,90.0000,0.0000
C00029=-168.286,182.375,-2.000,0.0000,90.0000,0.0000
C00030=-167.633,182.569,-2.000,0.0000,90.0000,0.0000
C00031=-166.979,182.770,-2.000,0.0000,90.0000,0.0000
C00032=-166.327,182.980,-2.000,0.0000,90.0000,0.0000
C00033=-165.675,183.197,-2.000,0.0000,90.0000,0.0000
C00034=-165.023,183.423,-2.000,0.0000,90.0000,0.0000
C00035=-164.373,183.657,-2.000,0.0000,90.0000,0.0000
C00036=-163.724,183.899,-2.000,0.0000,90.0000,0.0000
C00037=-163.076,184.149,-2.000,0.0000,90.0000,0.0000
C00038=-162.430,184.407,-2.000,0.0000,90.0000,0.0000
C00039=-161.784,184.673,-2.000,0.0000,90.0000,0.0000
C00040=-161.141,184.948,-2.000,0.0000,90.0000,0.0000
C00041=-160.500,185.230,-2.000,0.0000,90.0000,0.0000
C00042=-159.860,185.521,-2.000,0.0000,90.0000,0.0000
C00043=-159.223,185.820,-2.000,0.0000,90.0000,0.0000
C00044=-158.587,186.126,-2.000,0.0000,90.0000,0.0000
C00045=-157.955,186.441,-2.000,0.0000,90.0000,0.0000
C00046=-157.324,186.764,-2.000,0.0000,90.0000,0.0000
C00047=-156.697,187.095,-2.000,0.0000,90.0000,0.0000
C00048=-156.072,187.434,-2.000,0.0000,90.0000,0.0000
C00049=-155.451,187.781,-2.000,0.0000,90.0000,0.0000
C00050=-154.832,188.136,-2.000,0.0000,90.0000,0.0000
C00051=-154.217,188.498,-2.000,0.0000,90.0000,0.0000
C00052=-153.605,188.869,-2.000,0.0000,90.0000,0.0000
C00053=-152.997,189.247,-2.000,0.0000,90.0000,0.0000
C00054=-152.393,189.633,-2.000,0.0000,90.0000,0.0000
C00055=-151.793,190.027,-2.000,0.0000,90.0000,0.0000
C00056=-151.196,190.429,-2.000,0.0000,90.0000,0.0000
C00057=-150.604,190.838,-2.000,0.0000,90.0000,0.0000
C00058=-150.016,191.254,-2.000,0.0000,90.0000,0.0000
C00059=-149.433,191.678,-2.000,0.0000,90.0000,0.0000
C00060=-148.854,192.110,-2.000,0.0000,90.0000,0.0000
C00061=-148.280,192.548,-2.000,0.0000,90.0000,0.0000
C00062=-147.711,192.994,-2.000,0.0000,90.0000,0.0000
C00063=-147.147,193.447,-2.000,0.0000,90.0000,0.0000
C00064=-146.588,193.907,-2.000,0.0000,90.0000,0.0000
C00065=-146.034,194.374,-2.000,0.0000,90.0000,0.0000
C00066=-145.486,194.848,-2.000,0.0000,90.0000,0.0000
C00067=-144.944,195.329,-2.000,0.0000,90.0000,0.0000
C00068=-144.407,195.817,-2.000,0.0000,90.0000,0.0000
C00069=-143.875,196.311,-2.000,0.0000,90.0000,0.0000
C00070=-143.350,196.811,-2.000,0.0000,90.0000,0.0000
C00071=-142.831,197.318,-2.000,0.0000,90.0000,0.0000
C00072=-142.318,197.831,-2.000,0.0000,90.0000,0.0000
C00073=-141.811,198.350,-2.000,0.0000,90.0000,0.0000
C00074=-141.311,198.875,-2.000,0.0000,90.0000,0.0000
C00075=-140.817,199.407,-2.000,0.0000,90.0000,0.0000
C00076=-140.329,199.944,-2.000,0.0000,90.0000,0.0000
C00077=-139.848,200.486,-2.000,0.0000,90.0000,0.0000
C00078=-139.374,201.034,-2.000,0.0000,90.0000,0.0000
C00079=-138.907,201.588,-2.000,0.0000,90.0000,0.0000
C00080=-138.447,202.147,-2.000,0.0000,90.0000,0.0000
C00081=-137.994,202.711,-2.000,0.0000,90.0000,0.0000
C00082=-137.548,203.280,-2.000,0.0000,90.0000,0.0000
C00083=-137.110,203.854,-2.000,0.0000,90.0000,0.0000
C00084=-136.678,204.433,-2.000,0.0000,90.0000,0.0000
C00085=-136.254,205.016,-2.000,0.0000,90.0000,0.0000
C00086=-135.838,205.604,-2.000,0.0000,90.0000,0.0000
C00087=-135.429,206.196,-2.000,0.0000,90.0000,0.0000
C00088=-135.027,206.793,-2.000,0.0000,90.0000,0.0000
C00089=-134.633,207.393,-2.000,0.0000,90.0000,0.0000
C00090=-134.247,207.997,-2.000,0.0000,90.0000,0.0000
C00091=-133.869,208.605,-2.000,0.0000,90.0000,0.0000
C00092=-133.498,209.217,-2.000,0.0000,90.0000,0.0000
C00093=-133.136,209.832,-2.000,0.0000,90.0000,0.0000
C00094=-132.781,210.451,-2.000,0.0000,90.0000,0.0000
C00095=-132.434,211.072,-2.000,0.0000,90.0000,0.0000
C00096=-132.095,211.697,-2.000,0.0000,90.0000,0.0000
C00097=-131.764,212.324,-2.000,0.0000,90.0000,0.0000
C00098=-131.441,212.955,-2.000,0.0000,90.0000,0.0000
C00099=-131.126,213.587,-2.000,0.0000,90.0000,0.0000
C00100=-130.820,214.223,-2.000,0.0000,90.0000,0.0000
C00101=-130.521,214.860,-2.000,0.0000,90.0000,0.0000
C00102=-130.230,215.500,-2.000,0.0000,90.0000,0.0000
C00103=-129.948,216.141,-2.000,0.0000,90.0000,0.0000
C00104=-129.673,216.784,-2.000,0.0000,90.0000,0.0000
C00105=-129.407,217.430,-2.000,0.0000,90.0000,0.0000
C00106=-129.149,218.076,-2.000,0.0000,90.0000,0.0000
C00107=-128.899,218.724,-2.000,0.0000,90.0000,0.0000
C00108=-128.657,219.373,-2.000,0.0000,90.0000,0.0000
C00109=-128.423,220.023,-2.000,0.0000,90.0000,0.0000
C00110=-128.197,220.675,-2.000,0.0000,90.0000,0.0000
C00111=-127.980,221.327,-2.000,0.0000,90.0000,0.0000
C00112=-127.770,221.979,-2.000,0.0000,90.0000,0.0000
C00113=-127.569,222.633,-2.000,0.0000,90.0000,0.0000
C00114=-127.375,223.286,-2.000,0.0000,90.0000,0.0000
C00115=-127.189,223.940,-2.000,0.0000,90.0000,0.0000
C00116=-127.012,224.594,-2.000,0.0000,90.0000,0.0000
C00117=-126.842,225.248,-2.000,0.0000,90.0000,0.0000
C00118=-126.680,225.902,-2.000,0.0000,90.0000,0.0000
C00119=-126.526,226.555,-2.000,0.0000,90.0000,0.0000
C00120=-126.379,227.208,-2.000,0.0000,90.0000,0.0000
C00121=-126.241,227.861,-2.000,0.0000,90.0000,0.0000
C00122=-126.110,228.513,-2.000,0.0000,90.0000,0.0000
C00123=-125.987,229.164,-2.000,0.0000,90.0000,0.0000
C00124=-125.871,229.814,-2.000,0.0000,90.0000,0.0000
C00125=-125.763,230.463,-2.000,0.0000,90.0000,0.0000
C00126=-125.662,231.111,-2.000,0.0000,90.0000,0.0000
C00127=-125.569,231.757,-2.000,0.0000,90.0000,0.0000
C00128=-125.483,232.403,-2.000,0.0000,90.0000,0.0000
C00129=-125.404,233.046,-2.000,0.0000,90.0000,0.0000
C00130=-125.333,233.689,-2.000,0.0000,90.0000,0.0000
C00131=-125.269,234.329,-2.000,0.0000,90.0000,0.0000
C00132=-125.211,234.968,-2.000,0.0000,90.0000,0.0000
C00133=-125.161,235.604,-2.000,0.0000,90.0000,0.0000
C00134=-125.118,236.239,-2.000,0.0000,90.0000,0.0000
C00135=-125.082,236.872,-2.000,0.0000,90.0000,0.0000
C00136=-125.052,237.502,-2.000,0.0000,90.0000,0.0000
C00137=-125.029,238.130,-2.000,0.0000,90.0000,0.0000
C00138=-125.013,238.756,-2.000,0.0000,90.0000,0.0000
C00139=-125.003,239.379,-2.000,0.0000,90.0000,0.0000
C00140=-125.000,240.000,-2.000,0.0000,90.0000,0.0000
C00141=-125.003,240.621,-2.000,0.0000,90.0000,0.0000
C00142=-125.013,241.244,-2.000,0.0000,90.0000,0.0000
C00143=-125.029,241.870,-2.000,0.0000,90.0000,0.0000
C00144=-125.052,242.498,-2.000,0.0000,90.0000,0.0000
C00145=-125.082,243.128,-2.000,0.0000,90.0000,0.0000
C00146=-125.118,243.761,-2.000,0.0000,90.0000,0.0000
C00147=-125.161,244.396,-2.000,0.0000,90.0000,0.0000
C00148=-125.211,245.032,-2.000,0.0000,90.0000,0.0000
C00149=-125.269,245.671,-2.000,0.0000,90.0000,0.0000
C00150=-125.333,246.311,-2.000,0.0000,90.0000,0.0000
C00151=-125.404,246.954,-2.000,0.0000,90.0000,0.0000
C00152=-125.483,247.597,-2.000,0.0000,90.0000,0.0000
C00153=-125.569,248.243,-2.000,0.0000,90.0000,0.0000
C00154=-125.662,248.889,-2.000,0.0000,90.0000,0.0000
C00155=-125.763,249.537,-2.000,0.0000,90.0000,0.0000
C00156=-125.871,250.186,-2.000,0.0000,90.0000,0.0000
C00157=-125.987,250.836,-2.000,0.0000,90.0000,0.0000
C00158=-126.110,251.487,-2.000,0.0000,90.0000,0.0000
C00159=-126.241,252.139,-2.000,0.0000,90.0000,0.0000
C00160=-126.379,252.792,-2.000,0.0000,90.0000,0.0000
C00161=-126.526,253.445,-2.000,0.0000,90.0000,0.0000
C00162=-126.680,254.098,-2.000,0.0000,90.0000,0.0000
C00163=-126.842,254.752,-2.000,0.0000,90.0000,0.0000
C00164=-127.012,255.406,-2.000,0.0000,90.0000,0.0000
C00165=-127.189,256.060,-2.000,0.0000,90.0000,0.0000
C00166=-127.375,256.714,-2.000,0.0000,90.0000,0.0000
C00167=-127.569,257.367,-2.000,0.0000,90.0000,0.0000
C00168=-127.770,258.021,-2.000,0.0000,90.0000,0.0000
C00169=-127.980,258.673,-2.000,0.0000,90.0000,0.0000
C00170=-128.197,259.325,-2.000,0.0000,90.0000,0.0000
C00171=-128.423,259.977,-2.000,0.0000,90.0000,0.0000
C00172=-128.657,260.627,-2.000,0.0000,90.0000,0.0000
C00173=-128.899,261.276,-2.000,0.0000,90.0000,0.0000
C00174=-129.149,261.924,-2.000,0.0000,90.0000,0.0000
C00175=-129.407,262.570,-2.000,0.0000,90.0000,0.0000
C00176=-129.673,263.216,-2.000,0.0000,90.0000,0.0000
C00177=-129.948,263.859,-2.000,0.0000,90.0000,0.0000
C00178=-130.230,264.500,-2.000,0.0000,90.0000,0.0000
C00179=-130.521,265.140,-2.000,0.0000,90.0000,0.0000
C00180=-130.820,265.777,-2.000,0.0000,90.0000,0.0000
C00181=-131.126,266.413,-2.000,0.0000,90.0000,0.0000
C00182=-131.441,267.045,-2.000,0.0000,90.0000,0.0000
C00183=-131.764,267.676,-2.000,0.0000,90.0000,0.0000
C00184=-132.095,268.303,-2.000,0.0000,90.0000,0.0000
C00185=-132.434,268.928,-2.000,0.0000,90.0000,0.0000
C00186=-132.781,269.549,-2.000,0.0000,90.0000,0.0000
C00187=-133.136,270.168,-2.000,0.0000,90.0000,0.0000
C00188=-133.498,270.783,-2.000,0.0000,90.0000,0.0000
C00189=-133.869,271.395,-2.000,0.0000,90.0000,0.0000
C00190=-134.247,272.003,-2.000,0.0000,90.0000,0.0000
C00191=-134.633,272.607,-2.000,0.0000,90.0000,0.0000
C00192=-135.027,273.207,-2.000,0.0000,90.0000,0.0000
C00193=-135.429,273.804,-2.000,0.0000,90.0000,0.0000
C00194=-135.838,274.396,-2.000,0.0000,90.0000,0.0000
C00195=-136.254,274.984,-2.000,0.0000,90.0000,0.0000
C00196=-136.678,275.567,-2.000,0.0000,90.0000,0.0000
C00197=-137.110,276.146,-2.000,0.0000,90.0000,0.0000
C00198=-137.548,276.720,-2.000,0.0000,90.0000,0.0000
C00199=-137.994,277.289,-2.000,0.0000,90.0000,0.0000
C00200=-138.447,277.853,-2.000,0.0000,90.0000,0.0000
C00201=-138.907,278.412,-2.000,0.0000,90.0000,0.0000
C00202=-139.374,278.966,-2.000,0.0000,90.0000,0.0000
C00203=-139.848,279.514,-2.000,0.0000,90.0000,0.0000
C00204=-140.329,280.056,-2.000,0.0000,90.0000,0.0000
C00205=-140.817,280.593,-2.000,0.0000,90.0000,0.0000
C00206=-141.311,281.125,-2.000,0.0000,90.0000,0.0000
C00207=-141.811,281.650,-2.000,0.0000,90.0000,0.0000
C00208=-142.318,282.169,-2.000,0.0000,90.0000,0.0000
C00209=-142.831,282.682,-2.000,0.0000,90.0000,0.0000
C00210=-143.350,283.189,-2.000,0.0000,90.0000,0.0000
C00211=-143.875,283.689,-2.000,0.0000,90.0000,0.0000
C00212=-144.407,284.183,-2.000,0.0000,90.0000,0.0000
C00213=-144.944,284.671,-2.000,0.0000,90.0000,0.0000
C00214=-145.486,285.152,-2.000,0.0000,90.0000,0.0000
C00215=-146.034,285.626,-2.000,0.0000,90.0000,0.0000
C00216=-146.588,286.093,-2.000,0.0000,90.0000,0.0000
C00217=-147.147,286.553,-2.000,0.0000,90.0000,0.0000
C00218=-147.711,287.006,-2.000,0.0000,90.0000,0.0000
C00219=-148.280,287.452,-2.000,0.0000,90.0000,0.0000
C00220=-148.854,287.890,-2.000,0.0000,90.0000,0.0000
C00221=-149.433,288.322,-2.000,0.0000,90.0000,0.0000
C00222=-150.016,288.746,-2.000,0.0000,90.0000,0.0000
C00223=-150.604,289.162,-2.000,0.0000,90.0000,0.0000
C00224=-151.196,289.571,-2.000,0.0000,90.0000,0.0000
C00225=-151.793,289.973,-2.000,0.0000,90.0000,0.0000
C00226=-152.393,290.367,-2.000,0.0000,90.0000,0.0000
C00227=-152.997,290.753,-2.000,0.0000,90.0000,0.0000
C00228=-153.605,291.131,-2.000,0.0000,90.0000,0.0000
C00229=-154.217,291.502,-2.000,0.0000,90.0000,0.0000
C00230=-154.832,291.864,-2.000,0.0000,90.0000,0.0000
C00231=-155.451,292.219,-2.000,0.0000,90.0000,0.0000
C00232=-156.072,292.566,-2.000,0.0000,90.0000,0.0000
C00233=-156.697,292.905,-2.000,0.0000,90.0000,0.0000
C00234=-157.324,293.236,-2.000,0.0000,90.0000,0.0000
C00235=-157.955,293.559,-2.000,0.0000,90.0000,0.0000
C00236=-158.587,293.874,-2.000,0.0000,90.0000,0.0000
C00237=-159.223,294.180,-2.000,0.0000,90.0000,0.0000
C00238=-159.860,294.479,-2.000,0.0000,90.0000,0.0000
C00239=-160.500,294.770,-2.000,0.0000,90.0000,0.0000
C00240=-161.141,295.052,-2.000,0.0000,90.0000,0.0000
C00241=-161.784,295.327,-2.000,0.0000,90.0000,0.0000
C00242=-162.430,295.593,-2.000,0.0000,90.0000,0.0000
C00243=-163.076,295.851,-2.000,0.0000,90.0000,0.0000
C00244=-163.724,296.101,-2.000,0.0000,90.0000,0.0000
C00245=-164.373,296.343,-2.000,0.0000,90.0000,0.0000
C00246=-165.023,296.577,-2.000,0.0000,90.0000,0.0000
C00247=-165.675,296.803,-2.000,0.0000,90.0000,0.0000
C00248=-166.327,297.020,-2.000,0.0000,90.0000,0.0000
C00249=-166.979,297.230,-2.000,0.0000,90.0000,0.0000
C00250=-167.633,297.431,-2.000,0.0000,90.0000,0.0000
C00251=-168.286,297.625,-2.000,0.0000,90.0000,0.0000
C00252=-168.940,297.811,-2.000,0.0000,90.0000,0.0000
C00253=-169.594,297.988,-2.000,0.0000,90.0000,0.0000
C00254=-170.248,298.158,-2.000,0.0000,90.0000,0.0000
C00255=-170.902,298.320,-2.000,0.0000,90.0000,0.0000
C00256=-171.555,298.474,-2.000,0.0000,90.0000,0.0000
C00257=-172.208,298.621,-2.000,0.0000,90.0000,0.0000
C00258=-172.861,298.759,-2.000,0.0000,90.0000,0.0000
C00259=-173.513,298.890,-2.000,0.0000,90.0000,0.0000
C00260=-174.164,299.013,-2.000,0.0000,90.0000,0.0000
C00261=-174.814,299.129,-2.000,0.0000,90.0000,0.0000
C00262=-175.463,299.237,-2.000,0.0000,90.0000,0.0000
C00263=-176.111,299.338,-2.000,0.0000,90.0000,0.0000
C00264=-176.757,299.431,-2.000,0.0000,90.0000,0.0000
C00265=-177.403,299.517,-2.000,0.0000,90.0000,0.0000
C00266=-178.046,299.596,-2.000,0.0000,90.0000,0.0000
C00267=-178.689,299.667,-2.000,0.0000,90.0000,0.0000
C00268=-179.329,299.731,-2.000,0.0000,90.0000,0.0000
C00269=-179.968,299.789,-2.000,0.0000,90.0000,0.0000
C00270=-180.604,299.839,-2.000,0.0000,90.0000,0.0000
C00271=-181.239,299.882,-2.000,0.0000,90.0000,0.0000
C00272=-181.872,299.918,-2.000,0.0000,90.0000,0.0000
C00273=-182.502,299.948,-2.000,0.0000,90.0000,0.0000
C00274=-183.130,299.971,-2.000,0.0000,90.0000,0.0000
C00275=-183.756,299.987,-2.000,0.0000,90.0000,0.0000
C00276=-184.379,299.997,-2.000,0.0000,90.0000,0.0000
C00277=-185.000,300.000,-2.000,0.0000,90.0000,0.0000
C00278=-185.621,299.997,-2.000,0.0000,90.0000,0.0000
C00279=-186.244,299.987,-2.000,0.0000,90.0000,0.0000
C00280=-186.870,299.971,-2.000,0.0000,90.0000,0.0000
C00281=-187.498,299.948,-2.000,0.0000,90.0000,0.0000
C00282=-188.128,299.918,-2.000,0.0000,90.0000,0.0000
C00283=-188.761,299.882,-2.000,0.0000,90.0000,0.0000
C00284=-189.396,299.839,-2.000,0.0000,90.0000,0.0000
C00285=-190.032,299.789,-2.000,0.0000,90.0000,0.0000
C00286=-190.671,299.731,-2.000,0.0000,90.0000,0.0000
C00287=-191.311,299.667,-2.000,0.0000,90.0000,0.0000
C00288=-191.954,299.596,-2.000,0.0000,90.0000,0.0000
C00289=-192.597,299.517,-2.000,0.0000,90.0000,0.0000
C00290=-193.243,299.431,-2.000,0.0000,90.0000,0.0000
C00291=-193.889,299.338,-2.000,0.0000,90.0000,0.0000
C00292=-194.537,299.237,-2.000,0.0000,90.0000,0.0000
C00293=-195.186,299.129,-2.000,0.0000,90.0000,0.0000
C00294=-195.836,299.013,-2.000,0.0000,90.0000,0.0000
C00295=-196.487,298.890,-2.000,0.0000,90.0000,0.0000
C00296=-197.139,298.759,-2.000,0.0000,90.0000,0.0000
C00297=-197.792,298.621,-2.000,0.0000,90.0000,0.0000
C00298=-198.445,298.474,-2.000,0.0000,90.0000,0.0000
C00299=-199.098,298.320,-2.000,0.0000,90.0000,0.0000
C00300=-199.752,298.158,-2.000,0.0000,90.0000,0.0000
C00301=-200.406,297.988,-2.000,0.0000,90.0000,0.0000
C00302=-201.060,297.811,-2.000,0.0000,90.0000,0.0000
C00303=-201.714,297.625,-2.000,0.0000,90.0000,0.0000
C00304=-202.367,297.431,-2.000,0.0000,90.0000,0.0000
C00305=-203.021,297.230,-2.000,0.0000,90.0000,0.0000
C00306=-203.673,297.020,-2.000,0.0000,90.0000,0.0000
C00307=-204.325,296.803,-2.000,0.0000,90.0000,0.0000
C00308=-204.977,296.577,-2.000,0.0000,90.0000,0.0000
C00309=-205.627,296.343,-2.000,0.0000,90.0000,0.0000
C00310=-206.276,296.101,-2.000,0.0000,90.0000,0.0000
C00311=-206.924,295.851,-2.000,0.0000,90.0000,0.0000
C00312=-207.570,295.593,-2.000,0.0000,90.0000,0.0000
C00313=-208.216,295.327,-2.000,0.0000,90.0000,0.0000
C00314=-208.859,295.052,-2.000,0.0000,90.0000,0.0000
C00315=-209.500,294.770,-2.000,0.0000,90.0000,0.0000
C00316=-210.140,294.479,-2.000,0.0000,90.0000,0.0000
C00317=-210.777,294.180,-2.000,0.0000,90.0000,0.0000
C00318=-211.413,293.874,-2.000,0.0000,90.0000,0.0000
C00319=-212.045,293.559,-2.000,0.0000,90.0000,0.0000
C00320=-212.676,293.236,-2.000,0.0000,90.0000,0.0000
C00321=-213.303,292.905,-2.000,0.0000,90.0000,0.0000
C00322=-213.928,292.566,-2.000,0.0000,90.0000,0.0000
C00323=-214.549,292.219,-2.000,0.0000,90.0000,0.0000
C00324=-215.168,291.864,-2.000,0.0000,90.0000,0.0000
C00325=-215.783,291.502,-2.000,0.0000,90.0000,0.0000
C00326=-216.395,291.131,-2.000,0.0000,90.0000,0.0000
C00327=-217.003,290.753,-2.000,0.0000,90.0000,0.0000
C00328=-217.607,290.367,-2.000,0.0000,90.0000,0.0000
C00329=-218.207,289.973,-2.000,0.0000,90.0000,0.0000
C00330=-218.804,289.571,-2.000,0.0000,90.0000,0.0000
C00331=-219.396,289.162,-2.000,0.0000,90.0000,0.0000
C00332=-219.984,288.746,-2.000,0.0000,90.0000,0.0000
C00333=-220.567,288.322,-2.000,0.0000,90.0000,0.0000
C00334=-221.146,287.890,-2.000,0.0000,90.0000,0.0000
C00335=-221.720,287.452,-2.000,0.0000,90.0000,0.0000
C00336=-222.289,287.006,-2.000,0.0000,90.0000,0.0000
C00337=-222.853,286.553,-2.000,0.0000,90.0000,0.0000
C00338=-223.412,286.093,-2.000,0.0000,90.0000,0.0000
C00339=-223.966,285.626,-2.000,0.0000,90.0000,0.0000
C00340=-224.514,285.152,-2.000,0.0000,90.0000,0.0000
C00341=-225.056,284.671,-2.000,0.0000,90.0000,0.0000
C00342=-225.593,284.183,-2.000,0.0000,90.0000,0.0000
C00343=-226.125,283.689,-2.000,0.0000,90.0000,0.0000
C00344=-226.650,283.189,-2.000,0.0000,90.0000,0.0000
C00345=-227.169,282.682,-2.000,0.0000,90.0000,0.0000
C00346=-227.682,282.169,-2.000,0.0000,90.0000,0.0000
C00347=-228.189,281.650,-2.000,0.0000,90.0000,0.0000
C00348=-228.689,281.125,-2.000,0.0000,90.0000,0.0000
C00349=-229.183,280.593,-2.000,0.0000,90.0000,0.0000
C00350=-229.671,280.056,-2.000,0.0000,90.0000,0.0000
C00351=-230.152,279.514,-2.000,0.0000,90.0000,0.0000
C00352=-230.626,278.966,-2.000,0.0000,90.0000,0.0000
C00353=-231.093,278.412,-2.000,0.0000,90.0000,0.0000
C00354=-231.553,277.853,-2.000,0.0000,90.0000,0.0000
C00355=-232.006,277.289,-2.000,0.0000,90.0000,0.0000
C00356=-232.452,276.720,-2.000,0.0000,90.0000,0.0000
C00357=-232.890,276.146,-2.000,0.0000,90.0000,0.0000
C00358=-233.322,275.567,-2.000,0.0000,90.0000,0.0000
C00359=-233.746,274.984,-2.000,0.0000,90.0000,0.0000
C00360=-234.162,274.396,-2.000,0.0000,90.0000,0.0000
C00361=-234.571,273.804,-2.000,0.0000,90.0000,0.0000
C00362=-234.973,273.207,-2.000,0.0000,90.0000,0.0000
C00363=-235.367,272.607,-2.000,0.0000,90.0000,0.0000
C00364=-235.753,272.003,-2.000,0.0000,90.0000,0.0000
C00365=-236.131,271.395,-2.000,0.0000,90.0000,0.0000
C00366=-236.502,270.783,-2.000,0.0000,90.0000,0.0000
C00367=-236.864,270.168,-2.000,0.0000,90.0000,0.0000
C00368=-237.219,269.549,-2.000,0.0000,90.0000,0.0000
C00369=-237.566,268.928,-2.000,0.0000,90.0000,0.0000
C00370=-237.905,268.303,-2.000,0.0000,90.0000,0.0000
C00371=-238.236,267.676,-2.000,0.0000,90.0000,0.0000
C00372=-238.559,267.045,-2.000,0.0000,90.0000,0.0000
C00373=-238.874,266.413,-2.000,0.0000,90.0000,0.0000
C00374=-239.180,265.777,-2.000,0.0000,90.0000,0.0000
C00375=-239.479,265.140,-2.000,0.0000,90.0000,0.0000
C00376=-239.770,264.500,-2.000,0.0000,90.0000,0.0000
C00377=-240.052,263.859,-2.000,0.0000,90.0000,0.0000
C00378=-240.327,263.216,-2.000,0.0000,90.0000,0.0000
C00379=-240.593,262.570,-2.000,0.0000,90.0000,0.0000
C00380=-240.851,261.924,-2.000,0.0000,90.0000,0.0000
C00381=-241.101,261.276,-2.000,0.0000,90.0000,0.0000
C00382=-241.343,260.627,-2.000,0.0000,90.0000,0.0000
C00383=-241.577,259.977,-2.000,0.0000,90.0000,0.0000
C00384=-241.803,259.325,-2.000,0.0000,90.0000,0.0000
C00385=-242.020,258.673,-2.000,0.0000,90.0000,0.0000
C00386=-242.230,258.021,-2.000,0.0000,90.0000,0.0000
C00387=-242.431,257.367,-2.000,0.0000,90.0000,0.0000
C00388=-242.625,256.714,-2.000,0.0000,90.0000,0.0000
C00389=-242.811,256.060,-2.000,0.0000,90.0000,0.0000
C00390=-242.988,255.406,-2.000,0.0000,90.0000,0.0000
C00391=-243.158,254.752,-2.000,0.0000,90.0000,0.0000
C00392=-243.320,254.098,-2.000,0.0000,90.0000,0.0000
C00393=-243.474,253.445,-2.000,0.0000,90.0000,0.0000
C00394=-243.621,252.792,-2.000,0.0000,90.0000,0.0000
C00395=-243.759,252.139,-2.000,0.0000,90.0000,0.0000
C00396=-243.890,251.487,-2.000,0.0000,90.0000,0.0000
C00397=-244.013,250.836,-2.000,0.0000,90.0000,0.0000
C00398=-244.129,250.186,-2.000,0.0000,90.0000,0.0000
C00399=-244.237,249.537,-2.000,0.0000,90.0000,0.0000
C00400=-244.338,248.889,-2.000,0.0000,90.0000,0.0000
C00401=-244.431,248.243,-2.000,0.0000,90.0000,0.0000
C00402=-244.517,247.597,-2.000,0.0000,90.0000,0.0000
C00403=-244.596,246.954,-2.000,0.0000,90.0000,0.0000
C00404=-244.667,246.311,-2.000,0.0000,90.0000,0.0000
C00405=-244.731,245.671,-2.000,0.0000,90.0000,0.0000
C00406=-244.789,245.032,-2.000,0.0000,90.0000,0.0000
C00407=-244.839,244.396,-2.000,0.0000,90.0000,0.0000
C00408=-244.882,243.761,-2.000,0.0000,90.0000,0.0000
C00409=-244.918,243.128,-2.000,0.0000,90.0000,0.0000
C00410=-244.948,242.498,-2.000,0.0000,90.0000,0.0000
C00411=-244.971,241.870,-2.000,0.0000,90.0000,0.0000
C00412=-244.987,241.244,-2.000,0.0000,90.0000,0.0000
C00413=-244.997,240.621,-2.000,0.0000,90.0000,0.0000
C00414=-245.000,240.000,-2.000,0.0000,90.0000,0.0000
C00415=-244.997,239.379,-2.000,0.0000,90.0000,0.0000
C00416=-244.987,238.756,-2.000,0.0000,90.0000,0.0000
C00417=-244.971,238.130,-2.000,0.0000,90.0000,0.0000
C00418=-244.948,237.502,-2.000,0.0000,90.0000,0.0000
C00419=-244.918,236.872,-2.000,0.0000,90.0000,0.0000
C00420=-244.882,236.239,-2.000,0.0000,90.0000,0.0000
C00421=-244.839,235.604,-2.000,0.0000,90.0000,0.0000
C00422=-244.789,234.968,-2.000,0.0000,90.0000,0.0000
C00423=-244.731,234.329,-2.000,0.0000,90.0000,0.0000
C00424=-244.667,233.689,-2.000,0.0000,90.0000,0.0000
C00425=-244.596,233.046,-2.000,0.0000,90.0000,0.0000
C00426=-244.517,232.403,-2.000,0.0000,90.0000,0.0000
C00427=-244.431,231.757,-2.000,0.0000,90.0000,0.0000
C00428=-244.338,231.111,-2.000,0.0000,90.0000,0.0000
C00429=-244.237,230.463,-2.000,0.0000,90.0000,0.0000
C00430=-244.129,229.814,-2.000,0.0000,90.0000,0.0000
C00431=-244.013,229.164,-2.000,0.0000,90.0000,0.0000
C00432=-243.890,228.513,-2.000,0.0000,90.0000,0.0000
C00433=-243.759,227.861,-2.000,0.0000,90.0000,0.0000
C00434=-243.621,227.208,-2.000,0.0000,90.0000,0.0000
C00435=-243.474,226.555,-2.000,0.0000,90.0000,0.0000
C00436=-243.320,225.902,-2.000,0.0000,90.0000,0.0000
C00437=-243.158,225.248,-2.000,0.0000,90.0000,0.0000
C00438=-242.988,224.594,-2.000,0.0000,90.0000,0.0000
C00439=-242.811,223.940,-2.000,0.0000,90.0000,0.0000
C00440=-242.625,223.286,-2.000,0.0000,90.0000,0.0000
C00441=-242.431,222.633,-2.000,0.0000,90.0000,0.0000
C00442=-242.230,221.979,-2.000,0.0000,90.0000,0.0000
C00443=-242.020,221.327,-2.000,0.0000,90.0000,0.0000
C00444=-241.803,220.675,-2.000,0.0000,90.0000,0.0000
C00445=-241.577,220.023,-2.000,0.0000,90.0000,0.0000
C00446=-241.343,219.373,-2.000,0.0000,90.0000,0.0000
C00447=-241.101,218.724,-2.000,0.0000,90.0000,0.0000
C00448=-240.851,218.076,-2.000,0.0000,90.0000,0.0000
C00449=-240.593,217.430,-2.000,0.0000,90.0000,0.0000
C00450=-240.327,216.784,-2.000,0.0000,90.0000,0.0000
C00451=-240.052,216.141,-2.000,0.0000,90.0000,0.0000
C00452=-239.770,215.500,-2.000,0.0000,90.0000,0.0000
C00453=-239.479,214.860,-2.000,0.0000,90.0000,0.0000
C00454=-239.180,214.223,-2.000,0.0000,90.0000,0.0000
C00455=-238.874,213.587,-2.000,0.0000,90.0000,0.0000
C00456=-238.559,212.955,-2.000,0.0000,90.0000,0.0000
C00457=-238.236,212.324,-2.000,0.0000,90.0000,0.0000
C00458=-237.905,211.697,-2.000,0.0000,90.0000,0.0000
C00459=-237.566,211.072,-2.000,0.0000,90.0000,0.0000
C00460=-237.219,210.451,-2.000,0.0000,90.0000,0.0000
C00461=-236.864,209.832,-2.000,0.0000,90.0000,0.0000
C00462=-236.502,209.217,-2.000,0.0000,90.0000,0.0000
C00463=-236.131,208.605,-2.000,0.0000,90.0000,0.0000
C00464=-235.753,207.997,-2.000,0.0000,90.0000,0.0000
C00465=-235.367,207.393,-2.000,0.0000,90.0000,0.0000
C00466=-234.973,206.793,-2.000,0.0000,90.0000,0.0000
C00467=-234.571,206.196,-2.000,0.0000,90.0000,0.0000
C00468=-234.162,205.604,-2.000,0.0000,90.0000,0.0000
C00469=-233.746,205.016,-2.000,0.0000,90.0000,0.0000
C00470=-233.322,204.433,-2.000,0.0000,90.0000,0.0000
C00471=-232.890,203.854,-2.000,0.0000,90.0000,0.0000
C00472=-232.452,203.280,-2.000,0.0000,90.0000,0.0000
C00473=-232.006,202.711,-2.000,0.0000,90.0000,0.0000
C00474=-231.553,202.147,-2.000,0.0000,90.0000,0.0000
C00475=-231.093,201.588,-2.000,0.0000,90.0000,0.0000
C00476=-230.626,201.034,-2.000,0.0000,90.0000,0.0000
C00477=-230.152,200.486,-2.000,0.0000,90.0000,0.0000
C00478=-229.671,199.944,-2.000,0.0000,90.0000,0.0000
C00479=-229.183,199.407,-2.000,0.0000,90.0000,0.0000
C00480=-228.689,198.875,-2.000,0.0000,90.0000,0.0000
C00481=-228.189,198.350,-2.000,0.0000,90.0000,0.0000
C00482=-227.682,197.831,-2.000,0.0000,90.0000,0.0000
C00483=-227.169,197.318,-2.000,0.0000,90.0000,0.0000
C00484=-226.650,196.811,-2.000,0.0000,90.0000,0.0000
C00485=-226.125,196.311,-2.000,0.0000,90.0000,0.0000
C00486=-225.593,195.817,-2.000,0.0000,90.0000,0.0000
C00487=-225.056,195.329,-2.000,0.0000,90.0000,0.0000
C00488=-224.514,194.848,-2.000,0.0000,90.0000,0.0000
C00489=-223.966,194.374,-2.000,0.0000,90.0000,0.0000
C00490=-223.412,193.907,-2.000,0.0000,90.0000,0.0000
C00491=-222.853,193.447,-2.000,0.0000,90.0000,0.0000
C00492=-222.289,192.994,-2.000,0.0000,90.0000,0.0000
C00493=-221.720,192.548,-2.000,0.0000,90.0000,0.0000
C00494=-221.146,192.110,-2.000,0.0000,90.0000,0.0000
C00495=-220.567,191.678,-2.000,0.0000,90.0000,0.0000
C00496=-219.984,191.254,-2.000,0.0000,90.0000,0.0000
C00497=-219.396,190.838,-2.000,0.0000,90.0000,0.0000
C00498=-218.804,190.429,-2.000,0.0000,90.0000,0.0000
C00499=-218.207,190.027,-2.000,0.0000,90.0000,0.0000
C00500=-217.607,189.633,-2.000,0.0000,90.0000,0.0000
C00501=-217.003,189.247,-2.000,0.0000,90.0000,0.0000
C00502=-216.395,188.869,-2.000,0.0000,90.0000,0.0000
C00503=-215.783,188.498,-2.000,0.0000,90.0000,0.0000
C00504=-215.168,188.136,-2.000,0.0000,90.0000,0.0000
C00505=-214.549,187.781,-2.000,0.0000,90.0000,0.0000
C00506=-213.928,187.434,-2.000,0.0000,90.0000,0.0000
C00507=-213.303,187.095,-2.000,0.0000,90.0000,0.0000
C00508=-212.676,186.764,-2.000,0.0000,90.0000,0.0000
C00509=-212.045,186.441,-2.000,0.0000,90.0000,0.0000
C00510=-211.413,186.126,-2.000,0.0000,90.0000,0.0000
C00511=-210.777,185.820,-2.000,0.0000,90.0000,0.0000
C00512=-210.140,185.521,-2.000,0.0000,90.0000,0.0000
C00513=-209.500,185.230,-2.000,0.0000,90.0000,0.0000
C00514=-208.859,184.948,-2.000,0.0000,90.0000,0.0000
C00515=-208.216,184.673,-2.000,0.0000,90.0000,0.0000
C00516=-207.570,184.407,-2.000,0.0000,90.0000,0.0000
C00517=-206.924,184.149,-2.000,0.0000,90.0000,0.0000
C00518=-206.276,183.899,-2.000,0.0000,90.0000,0.0000
C00519=-205.627,183.657,-2.000,0.0000,90.0000,0.0000
C00520=-204.977,183.423,-2.000,0.0000,90.0000,0.0000
C00521=-204.325,183.197,-2.000,0.0000,90.0000,0.0000
C00522=-203.673,182.980,-2.000,0.0000,90.0000,0.0000
C00523=-203.021,182.770,-2.000,0.0000,90.0000,0.0000
C00524=-202.367,182.569,-2.000,0.0000,90.0000,0.0000
C00525=-201.714,182.375,-2.000,0.0000,90.0000,0.0000
C00526=-201.060,182.189,-2.000,0.0000,90.0000,0.0000
C00527=-200.406,182.012,-2.000,0.0000,90.0000,0.0000
C00528=-199.752,181.842,-2.000,0.0000,90.0000,0.0000
C00529=-199.098,181.680,-2.000,0.0000,90.0000,0.0000
C00530=-198.445,181.526,-2.000,0.0000,90.0000,0.0000
C00531=-197.792,181.379,-2.000,0.0000,90.0000,0.0000
C00532=-197.139,181.241,-2.000,0.0000,90.0000,0.0000
C00533=-196.487,181.110,-2.000,0.0000,90.0000,0.0000
C00534=-195.836,180.987,-2.000,0.0000,90.0000,0.0000
C00535=-195.186,180.871,-2.000,0.0000,90.0000,0.0000
C00536=-194.537,180.763,-2.000,0.0000,90.0000,0.0000
C00537=-193.889,180.662,-2.000,0.0000,90.0000,0.0000
C00538=-193.243,180.569,-2.000,0.0000,90.0000,0.0000
C00539=-192.597,180.483,-2.000,0.0000,90.0000,0.0000
C00540=-191.954,180.404,-2.000,0.0000,90.0000,0.0000
C00541=-191.311,180.333,-2.000,0.0000,90.0000,0.0000
C00542=-190.671,180.269,-2.000,0.0000,90.0000,0.0000
C00543=-190.032,180.211,-2.000,0.0000,90.0000,0.0000
C00544=-189.396,180.161,-2.000,0.0000,90.0000,0.0000
C00545=-188.761,180.118,-2.000,0.0000,90.0000,0.0000
C00546=-188.128,180.082,-2.000,0.0000,90.0000,0.0000
C00547=-187.498,180.052,-2.000,0.0000,90.0000,0.0000
C00548=-186.870,180.029,-2.000,0.0000,90.0000,0.0000
C00549=-186.244,180.013,-2.000,0.0000,90.0000,0.0000
C00550=-185.621,180.003,-2.000,0.0000,90.0000,0.0000
C00551=-185.000,180.000,-2.000,0.0000,90.0000,0.0000
C00552=-185.000,180.000,10.000,0.0000,90.0000,0.0000
C00553=-185.000,180.000,10.000,0.0000,90.0000,0.0000
C00554=0.000,0.000,10.000,0.0000,90.0000,0.0000